SSWWTypeI      : default    : jcln_inv    : fatjet_veto : fatjet_veto,jcln_inv
SR             : 0.362542   : 0.362111    : 0.360539    : 0.361975
SR_inv         : 0.0119457  : 0.0118992   : 0.0118581   : 0.0119098
highSR1        : 0.291096   : 0.290606    : 0.289605    : 0.290221
highSR1_1jet   : 0.0364121  : 0.0363416   : 0.036269    : 0.0362715
highSR2        : 0          : 0.000564649 : 0           : 0.00160437
total

DYTypeI        : default    : jcln_inv    : fatjet_veto : fatjet_veto,jcln_inv
SR             : 0.0181132  : 0.0107734   : 0.0181529   : 0.00928021
SR_inv         : 0.0248391  : 0.0123924   : 0.0249866   : 0.010435
highSR1        : 0.404073   : 0.183368    : 0.404809    : 0.187138
highSR1_1jet   : 0.0670159  : 0.0227304   : 0.066748    : 0.0227423
highSR2        : 0          : 0.140547    : 0           : 0.365248
total

VBFTypeI       : default    : jcln_inv    : fatjet_veto : fatjet_veto,jcln_inv
SR             : 0.0614447  : 0.0784947   : 0.0632495   : 0.0328308
SR_inv         : 0.0995808  : 0.121017    : 0.101728    : 0.0385505
highSR1        : 0.273106   : 0.103144    : 0.280711    : 0.109378
highSR1_1jet   : 0.00312132 : 0.00113728  : 0.00301963  : 0.00118516
highSR2        : 0          : 0.0293313   : 0           : 0.320557
total
